tal subindo com ajuste: 0.0010265648544918635
tal_descendo com ajuste: 0.0009638673436840902
tal_descendo com mt t=tal: 0.001
log 0     -0.000690
1     -0.000691
2     -0.000692
3     -0.000693
4     -0.000695
5     -0.000696
6     -0.000698
7     -0.000699
8     -0.000700
9     -0.000702
10    -0.000703
11    -0.000705
12    -0.000705
13    -0.000707
14    -0.000708
15    -0.000710
16    -0.000711
17    -0.000712
18    -0.000713
19    -0.000715
20    -0.000716
21    -0.000717
22    -0.000719
23    -0.000720
24    -0.000721
25    -0.000722
26    -0.000725
27    -0.000726
28    -0.000727
29    -0.000728
30    -0.000730
31    -0.000731
32    -0.000732
33    -0.000734
34    -0.000735
35    -0.000736
36    -0.000738
37    -0.000739
38    -0.000740
39    -0.000742
40    -0.000743
41    -0.000744
42    -0.000746
43    -0.000747
44    -0.000749
45    -0.000750
46    -0.000752
47    -0.000753
48    -0.000754
49    -0.000756
50    -0.000757
51    -0.000759
52    -0.000761
53    -0.000762
54    -0.000763
55    -0.000764
56    -0.000766
57    -0.000767
58    -0.000768
59    -0.000770
60    -0.000771
61    -0.000772
62    -0.000774
63    -0.000775
64    -0.000776
65    -0.000778
66    -0.000779
67    -0.000781
68    -0.000782
69    -0.000784
70    -0.000785
71    -0.000787
72    -0.000788
73    -0.000789
74    -0.000792
75    -0.000793
76    -0.000794
77    -0.000796
78    -0.000796
79    -0.000798
80    -0.000799
81    -0.000802
82    -0.000803
83    -0.000804
84    -0.000806
85    -0.000807
86    -0.000809
87    -0.000810
88    -0.000812
89    -0.000812
90    -0.000815
91    -0.000816
92    -0.000817
93    -0.000819
94    -0.000819
95    -0.000822
96    -0.000823
97    -0.000825
98    -0.000826
99    -0.000828
100   -0.000830
101   -0.000831
dtype: float64